#boundary segments
0 223.654
0 0
337.338 0

0 386.318
0 223.654
337.338 223.654

0 386.318
0 502.914

0 386.318
99.7206 386.318

0 502.914
452 502.914

191.442 386.318
337.338 386.318

337.338 68.336
337.338 0

452 0
337.338 0

337.338 223.654
337.338 135.5

337.338 386.318
337.338 223.654

452 502.914
452 0


#voronoi segments
-1825.42 251.457
-33555.8 251.457

2277.42 251.457
34007.8 251.457

226 2091.18
226 37395.7

226 -1588.27
226 -36892.8

111.827 111.827
0 223.654

452 502.914
452 502.914

394.669 135.5
394.662 134.208
394.654 133.627
394.645 133.149
394.635 132.716
394.625 132.306
394.613 131.91
394.6 131.519
394.586 131.129
394.57 130.737
394.553 130.34
394.534 129.936
394.513 129.523
394.49 129.099
394.465 128.663
394.438 128.214
394.407 127.75
394.374 127.269
394.337 126.771
394.296 126.254
394.252 125.717
394.203 125.159
394.149 124.577
394.09 123.971
394.024 123.34
393.952 122.681
393.874 121.993
393.787 121.275
393.691 120.525
393.586 119.741
393.47 118.921
393.343 118.064
393.203 117.167
393.05 116.229
392.88 115.247
392.694 114.219
392.489 113.143
392.264 112.016
392.016 110.836
391.744 109.6
391.444 108.305
391.114 106.948
390.751 105.527
390.352 104.037
389.913 102.476
389.751 101.918

0 -1368.28
-680.26 -756.885

1974.4 0
1974.44 0.034783
1974.48 0.073043
1974.53 0.115128
1974.58 0.161421
1974.64 0.212341
1974.7 0.268351
1974.77 0.329959
1974.84 0.397726
1974.93 0.472265
1975.02 0.554255
1975.12 0.644438
1975.23 0.743633
1975.35 0.852741
1975.48 0.97275
1975.63 1.10475
1975.79 1.24993
1975.97 1.40962
1976.17 1.58526
1976.38 1.77844
1976.62 1.9909
1976.88 2.22458
1977.17 2.48159
1977.48 2.76425
1977.83 3.07511
1978.21 3.41698
1978.63 3.79295
1979.09 4.20641
1979.6 4.66109
1980.15 5.16108
1980.77 5.71087
1981.44 6.31542
1982.19 6.98014
1983 7.711
1983.9 8.51455
1984.89 9.39795
1985.98 10.3691
1987.17 11.4367
1988.49 12.6101
1989.94 13.8999
1991.53 15.3173
1993.28 16.875
1995.21 18.5867
1997.33 20.4673
1999.66 22.5333
2002.22 24.8027
2005.05 27.2952
2008.15 30.0323
2011.56 33.0375
2015.32 36.3364
2019.45 39.9572
2023.99 43.9304
2028.99 48.2892
2034.48 53.0699
2040.53 58.3118
2047.18 64.0578
2054.5 70.3544
2062.55 77.2518
2071.4 84.8046
2081.14 93.0717
2091.85 102.117
2103.64 112.008
2116.6 122.819
2130.86 134.63
2146.54 147.525
2163.8 161.594
2182.77 176.936
2203.65 193.652
2226.61 211.853
2251.87 231.654
2277.42 251.457

256.006 304.986
337.338 223.654

1974.4 502.914
1132.26 1259.8

-1789.63 223.654
-1789.63 223.654

228.046 111.827
111.827 111.827

-1657.13 386.318
-1657.17 386.285
-1657.21 386.249
-1657.26 386.209
-1657.31 386.166
-1657.37 386.118
-1657.43 386.065
-1657.5 386.007
-1657.58 385.943
-1657.66 385.873
-1657.75 385.796
-1657.86 385.711
-1657.97 385.618
-1658.09 385.515
-1658.23 385.402
-1658.37 385.277
-1658.54 385.141
-1658.72 384.99
-1658.92 384.825
-1659.14 384.643
-1659.38 384.443
-1659.64 384.223
-1659.93 383.981
-1660.25 383.715
-1660.6 383.422
-1660.99 383.1
-1661.41 382.746
-1661.88 382.357
-1662.39 381.928
-1662.96 381.457
-1663.58 380.939
-1664.27 380.37
-1665.02 379.744
-1665.85 379.055
-1666.76 378.298
-1667.76 377.466
-1668.87 376.551
-1670.08 375.545
-1671.41 374.439
-1672.88 373.223
-1674.5 371.887
-1676.27 370.418
-1678.23 368.804
-1680.38 367.031
-1682.74 365.082
-1685.34 362.941
-1688.2 360.59
-1691.35 358.007
-1694.81 355.17
-1698.62 352.055
-1702.81 348.636
-1707.41 344.882
-1712.48 340.763
-1718.05 336.244
-1724.19 331.287
-1730.93 325.85
-1738.35 319.891
-1746.51 313.359
-1755.49 306.203
-1765.37 298.366
-1776.23 289.786
-1788.18 280.398
-1801.32 270.128
-1815.78 258.901
-1825.42 251.457

337.338 -1475.67
337.338 -1475.67

249.185 135.5
249.147 135.463
249.106 135.422
249.061 135.376
249.011 135.326
248.956 135.271
248.896 135.211
248.83 135.145
248.757 135.071
248.677 134.991
248.589 134.903
248.493 134.805
248.386 134.698
248.27 134.581
248.142 134.451
248.001 134.309
247.847 134.152
247.677 133.98
247.491 133.79
247.286 133.581
247.062 133.352
246.816 133.1
246.546 132.822
246.25 132.517
245.925 132.181
245.57 131.811
245.18 131.405
244.754 130.958
244.286 130.466
243.775 129.925
243.216 129.33
242.605 128.675
241.938 127.955
241.209 127.163
240.413 126.292
239.545 125.334
238.599 124.279
237.57 123.12
236.449 121.844
235.23 120.441
233.906 118.898
232.469 117.2
230.911 115.332
229.223 113.278
228.046 111.827

-1522.4 0
0 0

0 -1368.28
0.03903 -1368.31
0.081961 -1368.35
0.129184 -1368.39
0.181128 -1368.44
0.238264 -1368.49
0.30111 -1368.55
0.370238 -1368.61
0.446274 -1368.68
0.529909 -1368.75
0.621902 -1368.84
0.723087 -1368.93
0.834381 -1369.03
0.956795 -1369.14
1.09144 -1369.26
1.23953 -1369.39
1.40241 -1369.54
1.58156 -1369.7
1.77859 -1369.88
1.9953 -1370.07
2.23363 -1370.29
2.49575 -1370.52
2.78403 -1370.78
3.10106 -1371.07
3.44971 -1371.38
3.83312 -1371.73
4.25475 -1372.11
4.7184 -1372.53
5.22822 -1372.99
5.78881 -1373.49
6.40519 -1374.05
7.08289 -1374.66
7.82797 -1375.33
8.64709 -1376.07
9.54755 -1376.89
10.5374 -1377.78
11.6254 -1378.77
12.8212 -1379.85
14.1353 -1381.05
15.5795 -1382.36
17.1663 -1383.8
18.9096 -1385.39
20.8248 -1387.14
22.9284 -1389.06
25.2387 -1391.17
27.7756 -1393.5
30.5608 -1396.05
33.6182 -1398.87
36.9735 -1401.96
40.6551 -1405.36
44.6937 -1409.11
49.1228 -1413.22
53.9788 -1417.75
59.3012 -1422.74
65.1329 -1428.22
71.5204 -1434.25
78.5138 -1440.88
86.1676 -1448.17
94.5402 -1456.2
103.695 -1465.03
113.699 -1474.74
124.626 -1485.42
136.554 -1497.17
149.565 -1510.09
163.75 -1524.31
179.202 -1539.94
196.021 -1557.15
214.316 -1576.07
226 -1588.27

337.338 0
394.669 57.3309

337.338 -1475.67
337.302 -1475.71
337.261 -1475.75
337.217 -1475.79
337.168 -1475.84
337.114 -1475.89
337.055 -1475.95
336.99 -1476.01
336.919 -1476.08
336.84 -1476.16
336.754 -1476.24
336.658 -1476.34
336.554 -1476.44
336.439 -1476.55
336.312 -1476.67
336.173 -1476.81
336.02 -1476.96
335.851 -1477.12
335.666 -1477.3
335.462 -1477.5
335.238 -1477.72
334.992 -1477.96
334.72 -1478.23
334.422 -1478.52
334.094 -1478.84
333.734 -1479.19
333.337 -1479.58
332.901 -1480
332.422 -1480.47
331.894 -1480.99
331.314 -1481.56
330.677 -1482.18
329.976 -1482.87
329.205 -1483.62
328.358 -1484.45
327.426 -1485.37
326.402 -1486.37
325.277 -1487.48
324.039 -1488.69
322.68 -1490.03
321.185 -1491.5
319.544 -1493.12
317.739 -1494.9
315.758 -1496.86
313.58 -1499.01
311.189 -1501.38
308.563 -1503.99
305.68 -1506.86
302.515 -1510.01
299.041 -1513.48
295.229 -1517.3
291.046 -1521.49
286.459 -1526.11
281.429 -1531.19
275.914 -1536.78
269.871 -1542.92
263.251 -1549.68
256.002 -1557.12
248.066 -1565.3
239.383 -1574.3
229.887 -1584.2
226 -1588.27

0 223.654
81.3319 304.986

394.669 68.336
394.669 57.3309

0 1871.19
0.03903 1871.23
0.081961 1871.26
0.129184 1871.31
0.181128 1871.35
0.238264 1871.41
0.30111 1871.46
0.370238 1871.52
0.446274 1871.59
0.529909 1871.67
0.621902 1871.75
0.723087 1871.84
0.834381 1871.94
0.956795 1872.05
1.09144 1872.17
1.23953 1872.31
1.40241 1872.45
1.58156 1872.61
1.77859 1872.79
1.9953 1872.99
2.23363 1873.2
2.49575 1873.44
2.78403 1873.7
3.10106 1873.98
3.44971 1874.3
3.83312 1874.64
4.25475 1875.02
4.7184 1875.44
5.22822 1875.9
5.78881 1876.41
6.40519 1876.96
7.08289 1877.57
7.82797 1878.25
8.64709 1878.99
9.54755 1879.8
10.5374 1880.7
11.6254 1881.68
12.8212 1882.77
14.1353 1883.96
15.5795 1885.27
17.1663 1886.72
18.9096 1888.3
20.8248 1890.05
22.9284 1891.97
25.2387 1894.09
27.7756 1896.41
30.5608 1898.97
33.6182 1901.78
36.9735 1904.87
40.6551 1908.28
44.6937 1912.02
49.1228 1916.14
53.9788 1920.67
59.3012 1925.65
65.1329 1931.13
71.5204 1937.16
78.5138 1943.79
86.1676 1951.09
94.5402 1959.11
103.695 1967.94
113.699 1977.65
124.626 1988.33
136.554 2000.08
149.565 2013
163.75 2027.22
179.202 2042.86
196.021 2060.06
214.316 2078.98
226 2091.18

452 1871.19
451.961 1871.23
451.918 1871.26
451.871 1871.31
451.819 1871.35
451.762 1871.41
451.699 1871.46
451.63 1871.52
451.554 1871.59
451.47 1871.67
451.378 1871.75
451.277 1871.84
451.166 1871.94
451.043 1872.05
450.909 1872.17
450.76 1872.31
450.598 1872.45
450.418 1872.61
450.221 1872.79
450.005 1872.99
449.766 1873.2
449.504 1873.44
449.216 1873.7
448.899 1873.98
448.55 1874.3
448.167 1874.64
447.745 1875.02
447.282 1875.44
446.772 1875.9
446.211 1876.41
445.595 1876.96
444.917 1877.57
444.172 1878.25
443.353 1878.99
442.452 1879.8
441.463 1880.7
440.375 1881.68
439.179 1882.77
437.865 1883.96
436.421 1885.27
434.834 1886.72
433.09 1888.3
431.175 1890.05
429.072 1891.97
426.761 1894.09
424.224 1896.41
421.439 1898.97
418.382 1901.78
415.026 1904.87
411.345 1908.28
407.306 1912.02
402.877 1916.14
398.021 1920.67
392.699 1925.65
386.867 1931.13
380.48 1937.16
373.486 1943.79
365.832 1951.09
357.46 1959.11
348.305 1967.94
338.301 1977.65
327.374 1988.33
315.446 2000.08
302.435 2013
288.25 2027.22
272.798 2042.86
255.979 2060.06
237.684 2078.98
226 2091.18

58.2981 444.616
99.7206 444.616

0 1871.19
-680.26 1259.8

452 -1368.28
1132.26 -756.885

452 -1368.28
451.962 -1368.31
451.92 -1368.35
451.873 -1368.39
451.822 -1368.44
451.766 -1368.49
451.705 -1368.54
451.637 -1368.6
451.563 -1368.67
451.481 -1368.74
451.39 -1368.83
451.291 -1368.91
451.182 -1369.01
451.062 -1369.12
450.93 -1369.24
450.785 -1369.37
450.626 -1369.51
450.45 -1369.67
450.257 -1369.85
450.044 -1370.04
449.811 -1370.25
449.554 -1370.48
449.271 -1370.73
448.961 -1371.01
448.619 -1371.32
448.243 -1371.66
447.83 -1372.03
447.376 -1372.44
446.876 -1372.89
446.326 -1373.39
445.722 -1373.93
445.058 -1374.53
444.328 -1375.19
443.525 -1375.92
442.642 -1376.72
441.672 -1377.6
440.606 -1378.56
439.433 -1379.62
438.145 -1380.79
436.73 -1382.08
435.174 -1383.49
433.465 -1385.05
431.587 -1386.76
429.525 -1388.64
427.26 -1390.71
424.773 -1392.99
422.042 -1395.5
419.044 -1398.26
415.754 -1401.29
412.144 -1404.62
408.184 -1408.29
403.84 -1412.33
399.078 -1416.77
393.857 -1421.65
388.137 -1427.02
381.871 -1432.93
375.01 -1439.43
367.501 -1446.58
359.285 -1454.45
350.301 -1463.1
340.483 -1472.61
337.338 -1475.67

452 502.914
384.26 435.174

145.581 311.451
145.581 386.318

0 1871.19
0 502.914

99.7206 304.986
101.232 304.993
101.911 305
102.47 305.009
102.976 305.018
103.455 305.029
103.918 305.04
104.375 305.052
104.831 305.066
105.29 305.081
105.754 305.098
106.226 305.116
106.709 305.136
107.204 305.158
107.714 305.182
108.239 305.209
108.782 305.238
109.343 305.27
109.926 305.306
110.53 305.345
111.158 305.388
111.811 305.435
112.491 305.487
113.199 305.544
113.937 305.607
114.708 305.676
115.512 305.752
116.351 305.836
117.228 305.928
118.145 306.029
119.103 306.141
120.105 306.263
121.153 306.398
122.25 306.546
123.398 306.709
124.6 306.888
125.858 307.086
127.175 307.303
128.555 307.541
130 307.804
131.514 308.093
133.1 308.411
134.762 308.76
136.503 309.144
138.328 309.567
140.24 310.033
142.245 310.544
144.346 311.107
145.581 311.451

269.002 68.336
268.964 68.3747
268.921 68.4172
268.874 68.4641
268.823 68.5156
268.766 68.5722
268.704 68.6345
268.636 68.703
268.561 68.7784
268.479 68.8614
268.388 68.9526
268.289 69.0529
268.18 69.1633
268.06 69.2847
267.928 69.4183
267.784 69.5652
267.625 69.7268
267.451 69.9046
267.26 70.1002
267.051 70.3153
266.821 70.5519
266.569 70.8122
266.294 71.0985
265.991 71.4134
265.66 71.7598
265.298 72.1409
264.901 72.5601
264.468 73.0212
263.993 73.5284
263.475 74.0863
262.91 74.7
262.293 75.3751
261.619 76.1177
260.886 76.9346
260.087 77.8331
259.217 78.8215
258.272 79.9088
257.245 81.1047
256.13 82.4203
254.922 83.8674
253.612 85.4592
252.195 87.2102
250.663 89.1363
249.008 91.2551
247.223 93.5857
245.3 96.1493
243.229 98.9693
241.112 101.918

394.669 68.336
394.662 69.6287
394.654 70.2093
394.645 70.6879
394.635 71.1209
394.625 71.5301
394.613 71.9267
394.6 72.3177
394.586 72.7075
394.57 73.0996
394.553 73.4967
394.534 73.9008
394.513 74.3139
394.49 74.7375
394.465 75.1733
394.438 75.6226
394.407 76.0868
394.374 76.5672
394.337 77.0652
394.296 77.5821
394.252 78.1192
394.203 78.6778
394.149 79.2593
394.09 79.8652
394.024 80.4968
393.952 81.1557
393.874 81.8434
393.787 82.5616
393.691 83.3118
393.586 84.0959
393.47 84.9156
393.343 85.7728
393.203 86.6695
393.05 87.6077
392.88 88.5896
392.694 89.6175
392.489 90.6936
392.264 91.8205
392.016 93.0006
391.744 94.2368
391.444 95.5317
391.114 96.8884
390.751 98.3098
390.352 99.7994
389.913 101.36
389.751 101.918
337.338 101.918

-1657.13 386.318
-1657.13 386.318

0 386.318
58.2981 444.616

-1522.4 502.914
-1522.44 502.88
-1522.48 502.842
-1522.53 502.801
-1522.58 502.755
-1522.63 502.705
-1522.7 502.65
-1522.76 502.59
-1522.84 502.523
-1522.92 502.45
-1523.01 502.369
-1523.11 502.281
-1523.22 502.183
-1523.33 502.076
-1523.47 501.958
-1523.61 501.828
-1523.77 501.686
-1523.94 501.529
-1524.14 501.356
-1524.35 501.166
-1524.58 500.958
-1524.84 500.728
-1525.12 500.475
-1525.43 500.198
-1525.77 499.892
-1526.14 499.556
-1526.55 499.187
-1527.01 498.781
-1527.51 498.334
-1528.05 497.842
-1528.66 497.302
-1529.32 496.708
-1530.05 496.055
-1530.85 495.337
-1531.74 494.547
-1532.71 493.679
-1533.78 492.725
-1534.95 491.676
-1536.25 490.522
-1537.67 489.255
-1539.23 487.862
-1540.95 486.331
-1542.85 484.649
-1544.93 482.8
-1547.22 480.77
-1549.74 478.539
-1552.51 476.09
-1555.56 473.399
-1558.92 470.445
-1562.6 467.202
-1566.66 463.643
-1571.13 459.737
-1576.04 455.452
-1581.44 450.752
-1587.38 445.598
-1593.92 439.949
-1601.11 433.757
-1609.01 426.974
-1617.71 419.547
-1627.28 411.416
-1637.81 402.519
-1649.39 392.789
-1657.13 386.318

394.669 223.654
394.669 223.654

0 223.654
0 223.654

394.669 223.654
394.669 135.5

191.442 304.986
256.006 304.986

1974.4 502.914
452 502.914

394.669 386.318
394.659 387.868
394.647 388.564
394.634 389.138
394.621 389.657
394.605 390.148
394.588 390.624
394.57 391.093
394.549 391.56
394.527 392.03
394.502 392.506
394.475 392.991
394.445 393.486
394.412 393.994
394.376 394.517
394.336 395.056
394.292 395.612
394.244 396.189
394.191 396.786
394.133 397.406
394.069 398.05
393.998 398.72
393.921 399.417
393.836 400.143
393.742 400.901
393.639 401.691
393.525 402.516
393.4 403.377
393.263 404.277
393.112 405.217
392.945 406.2
392.763 407.228
392.561 408.303
392.34 409.428
392.097 410.606
391.829 411.838
391.535 413.129
391.211 414.48
390.854 415.895
390.462 417.378
390.031 418.931
389.557 420.558
389.035 422.262
388.461 424.049
387.83 425.921
387.136 427.882
386.372 429.939
385.532 432.094
384.607 434.353
384.26 435.174

0 0
111.827 111.827

-680.26 -756.885
-1522.4 0

1132.26 1259.8
452 1871.19

337.338 0
337.338 0

0 0
0 0

0 386.318
81.3319 304.986

-680.26 1259.8
-1522.4 502.914

1132.26 -756.885
1974.4 0

337.338 0
337.338 0

145.581 386.318
145.581 435.597

337.338 101.918
241.112 101.918

99.7206 304.986
99.7206 386.318

0 502.914
-1522.4 502.914

249.185 135.5
337.338 135.5

191.442 444.616
191.442 386.318

337.338 223.654
394.669 223.654

337.338 444.616
337.338 444.616

-1789.63 223.654
0 223.654

337.338 223.654
337.338 223.654

191.442 304.986
191.442 304.986
189.931 304.993
189.252 305
188.693 305.009
188.186 305.018
187.708 305.029
187.244 305.04
186.787 305.052
186.332 305.066
185.873 305.081
185.409 305.098
184.937 305.116
184.454 305.136
183.958 305.158
183.449 305.182
182.924 305.209
182.381 305.238
181.819 305.27
181.237 305.306
180.633 305.345
180.005 305.388
179.352 305.435
178.672 305.487
177.964 305.544
177.225 305.607
176.455 305.676
175.651 305.752
174.812 305.836
173.935 305.928
173.018 306.029
172.06 306.141
171.058 306.263
170.009 306.398
168.913 306.546
167.765 306.709
166.563 306.888
165.305 307.086
163.988 307.303
162.608 307.541
161.163 307.804
159.649 308.093
158.063 308.411
156.401 308.76
154.66 309.144
152.835 309.567
150.922 310.033
148.918 310.544
146.817 311.107
145.581 311.451

337.338 223.654
337.338 223.654

0 223.654
0 223.654

99.7206 304.986
99.7206 304.986

-1789.63 223.654
-1789.67 223.685
-1789.71 223.719
-1789.76 223.757
-1789.82 223.798
-1789.87 223.844
-1789.94 223.894
-1790.01 223.949
-1790.09 224.009
-1790.17 224.076
-1790.26 224.149
-1790.37 224.23
-1790.48 224.319
-1790.61 224.416
-1790.74 224.524
-1790.89 224.642
-1791.06 224.771
-1791.24 224.914
-1791.44 225.071
-1791.66 225.244
-1791.91 225.434
-1792.17 225.643
-1792.47 225.873
-1792.79 226.126
-1793.15 226.404
-1793.54 226.71
-1793.97 227.046
-1794.44 227.416
-1794.96 227.823
-1795.53 228.27
-1796.16 228.762
-1796.86 229.303
-1797.62 229.898
-1798.46 230.552
-1799.38 231.271
-1800.4 232.062
-1801.51 232.932
-1802.74 233.888
-1804.09 234.939
-1805.58 236.094
-1807.21 237.364
-1809.01 238.76
-1810.98 240.295
-1813.16 241.981
-1815.55 243.834
-1818.18 245.87
-1821.08 248.106
-1824.26 250.564
-1825.42 251.457

0 386.318
0 386.318
-1657.13 386.318

81.3319 304.986
99.7206 304.986

58.2981 444.616
0 502.914

99.7206 386.318
99.7206 444.616
101.225 444.606
101.901 444.595
102.458 444.584
102.961 444.571
103.438 444.557
103.899 444.541
104.354 444.524
104.808 444.505
105.264 444.484
105.726 444.461
106.197 444.436
106.677 444.408
107.17 444.378
107.677 444.344
108.2 444.307
108.74 444.267
109.3 444.222
109.879 444.173
110.481 444.119
111.106 444.06
111.756 443.995
112.432 443.923
113.137 443.844
113.872 443.757
114.639 443.661
115.44 443.556
116.275 443.441
117.148 443.313
118.061 443.173
119.015 443.019
120.012 442.85
121.056 442.664
122.148 442.459
123.29 442.234
124.486 441.986
125.739 441.713
127.05 441.413
128.423 441.083
129.862 440.72
131.369 440.321
132.948 439.881
134.602 439.398
136.335 438.867
138.152 438.282
140.056 437.639
142.051 436.932
144.143 436.154
145.581 435.597

191.442 444.616
189.938 444.606
189.262 444.595
188.705 444.584
188.201 444.571
187.725 444.557
187.263 444.541
186.809 444.524
186.355 444.505
185.899 444.484
185.436 444.461
184.966 444.436
184.486 444.408
183.993 444.378
183.485 444.344
182.963 444.307
182.422 444.267
181.863 444.222
181.284 444.173
180.682 444.119
180.057 444.06
179.407 443.995
178.73 443.923
178.025 443.844
177.29 443.757
176.523 443.661
175.723 443.556
174.887 443.441
174.014 443.313
173.102 443.173
172.148 443.019
171.151 442.85
170.107 442.664
169.015 442.459
167.872 442.234
166.676 441.986
165.424 441.713
164.113 441.413
162.739 441.083
161.301 440.72
159.794 440.321
158.215 439.881
156.561 439.398
154.827 438.867
153.011 438.282
151.107 437.639
149.112 436.932
147.02 436.154
145.581 435.597

191.442 444.616
191.442 444.616

0 502.914
0 502.914

452 502.914
452 1871.19

337.338 444.616
338.859 444.606
339.542 444.595
340.105 444.583
340.615 444.57
341.096 444.555
341.563 444.539
342.023 444.522
342.482 444.502
342.943 444.481
343.41 444.458
343.886 444.432
344.372 444.404
344.87 444.373
345.383 444.338
345.912 444.301
346.458 444.259
347.023 444.214
347.609 444.163
348.217 444.108
348.849 444.048
349.506 443.981
350.191 443.907
350.904 443.827
351.647 443.738
352.422 443.64
353.231 443.533
354.076 443.414
354.959 443.284
355.881 443.141
356.846 442.984
357.854 442.811
358.909 442.62
360.013 442.411
361.169 442.181
362.378 441.927
363.644 441.648
364.97 441.342
366.359 441.004
367.813 440.633
369.337 440.225
370.933 439.776
372.605 439.282
374.358 438.739
376.195 438.141
378.12 437.484
380.137 436.761
382.252 435.965
384.26 435.174

0 386.318
0 386.318

-1657.13 386.318
0 386.318

241.112 101.918
241.069 101.949
241.022 101.982
240.97 102.019
240.913 102.059
240.851 102.104
240.782 102.153
240.707 102.207
240.624 102.266
240.532 102.331
240.432 102.403
240.322 102.481
240.201 102.568
240.068 102.663
239.922 102.768
239.762 102.884
239.585 103.011
239.392 103.15
239.18 103.304
238.947 103.473
238.691 103.659
238.411 103.863
238.103 104.088
237.766 104.335
237.396 104.608
236.991 104.907
236.548 105.236
236.062 105.598
235.53 105.997
234.949 106.435
234.313 106.917
233.618 107.447
232.859 108.031
232.03 108.672
231.125 109.378
230.14 110.154
229.065 111.008
228.046 111.827

337.338 -1475.67
337.338 0
337.338 0

0 0
0 -1368.28

394.669 57.3309
452 0

452 -1368.28
452 0
452 0

337.338 0
337.338 -1475.67

256.006 304.986
337.338 386.318

394.669 386.318
337.338 386.318
337.338 386.318

337.338 223.654
249.185 135.5

394.669 223.654
337.338 223.654

337.338 135.5
394.669 135.5

-1522.4 0
-1522.44 0.034662
-1522.48 0.072789
-1522.53 0.114727
-1522.58 0.160858
-1522.64 0.211601
-1522.7 0.267416
-1522.77 0.32881
-1522.84 0.39634
-1522.93 0.47062
-1523.02 0.552324
-1523.12 0.642193
-1523.23 0.741043
-1523.35 0.849771
-1523.48 0.969362
-1523.63 1.1009
-1523.79 1.24558
-1523.97 1.40471
-1524.16 1.57974
-1524.38 1.77225
-1524.61 1.98397
-1524.87 2.21684
-1525.16 2.47295
-1525.47 2.75462
-1525.82 3.0644
-1526.19 3.40509
-1526.61 3.77975
-1527.07 4.19178
-1527.58 4.64487
-1528.13 5.14313
-1528.75 5.69101
-1529.42 6.29346
-1530.16 6.95588
-1530.97 7.68421
-1531.87 8.48496
-1532.85 9.36531
-1533.94 10.3331
-1535.13 11.397
-1536.44 12.5664
-1537.88 13.8517
-1539.47 15.2642
-1541.22 16.8166
-1543.14 18.5223
-1545.25 20.3965
-1547.57 22.4554
-1550.13 24.717
-1552.94 27.2009
-1556.03 29.9286
-1559.43 32.9236
-1563.17 36.2113
-1567.29 39.8198
-1571.82 43.7795
-1576.8 48.1235
-1582.28 52.8881
-1588.3 58.1124
-1594.93 63.8392
-1602.22 70.1147
-1610.24 76.9892
-1619.06 84.517
-1628.77 92.7568
-1639.44 101.772
-1651.19 111.631
-1664.1 122.407
-1678.31 134.18
-1693.94 147.033
-1711.14 161.058
-1730.05 176.351
-1750.85 193.015
-1773.73 211.16
-1789.63 223.654

0 223.654
-1789.63 223.654

269.002 68.336
337.338 0

394.669 68.336
337.338 68.336
269.002 68.336

1974.4 502.914
1974.44 502.879
1974.48 502.841
1974.53 502.799
1974.58 502.752
1974.64 502.702
1974.7 502.646
1974.77 502.584
1974.84 502.516
1974.93 502.442
1975.02 502.36
1975.12 502.269
1975.23 502.17
1975.35 502.061
1975.48 501.941
1975.63 501.809
1975.79 501.664
1975.97 501.504
1976.17 501.329
1976.38 501.135
1976.62 500.923
1976.88 500.689
1977.17 500.432
1977.48 500.15
1977.83 499.839
1978.21 499.497
1978.63 499.121
1979.09 498.707
1979.6 498.253
1980.15 497.753
1980.77 497.203
1981.44 496.598
1982.19 495.934
1983 495.203
1983.9 494.399
1984.89 493.516
1985.98 492.545
1987.17 491.477
1988.49 490.304
1989.94 489.014
1991.53 487.597
1993.28 486.039
1995.21 484.327
1997.33 482.447
1999.66 480.381
2002.22 478.111
2005.05 475.619
2008.15 472.882
2011.56 469.876
2015.32 466.577
2019.45 462.957
2023.99 458.983
2028.99 454.625
2034.48 449.844
2040.53 444.602
2047.18 438.856
2054.5 432.559
2062.55 425.662
2071.4 418.109
2081.14 409.842
2091.85 400.797
2103.64 390.906
2116.6 380.095
2130.86 368.284
2146.54 355.389
2163.8 341.32
2182.77 325.978
2203.65 309.262
2226.61 291.061
2251.87 271.26
2277.42 251.457

394.669 386.318
394.669 223.654

452 0
1974.4 0

337.338 444.616
191.442 444.616

337.338 386.318
337.338 444.616

191.442 386.318
191.442 304.986


