# rucne ziskana data - MAT z map_from_the_paper.xml:
0.000000 223.653806
111.826903 111.826903

394.669140 135.500464
394.661853 134.207764
394.653838 133.627164
394.645020 133.148602
394.635321 132.715603
394.624653 132.306396
394.612917 131.909732
394.600007 131.518786
394.585807 131.128941
394.570187 130.736819
394.553005 130.339784
394.534104 129.935668
394.513314 129.522612
394.490444 129.098959
394.465287 128.663194
394.437615 128.213890
394.407175 127.749680
394.373692 127.269231
394.336860 126.771226
394.296345 126.254350
394.251779 125.717276
394.202756 125.158660
394.148830 124.577128
394.089512 123.971271
394.024262 123.339642
393.952488 122.680744
393.873535 121.993029
393.786688 121.274890
393.691156 120.524659
393.586070 119.740601
393.470476 118.920908
393.343323 118.063694
393.203454 117.166994
393.049599 116.228754
392.880358 115.246829
392.694193 114.218975
392.489411 113.142847
392.264151 112.015992
392.016365 110.835843
391.743800 109.599712
391.443979 108.304785
391.114176 106.948117
390.751393 105.526621
390.352331 104.037066
389.913363 102.476063
389.751343 101.918234

337.338281 223.653806
256.006331 304.985755

228.045926 111.826903
111.826903 111.826903

249.184939 135.500464
249.147434 135.462952
249.106197 135.421688
249.060859 135.376297
249.011014 135.326368
248.956216 135.271445
248.895979 135.211031
248.829764 135.144575
248.756986 135.071473
248.676999 134.991061
248.589096 134.902608
248.492503 134.805309
248.386373 134.698281
248.269775 134.580550
248.141694 134.451046
248.001016 134.308591
247.846526 134.151891
247.676895 133.979521
247.490670 133.789914
247.286268 133.581347
247.061960 133.351922
246.815863 133.099555
246.545927 132.821951
246.249922 132.516587
245.925423 132.180687
245.569799 131.811197
245.180198 131.404757
244.753530 130.957674
244.286455 130.465882
243.775366 129.924911
243.216373 129.329843
242.605290 128.675268
241.937620 127.955235
241.208539 127.163200
240.412884 126.291960
239.545140 125.333597
238.599430 124.279398
237.569501 123.119778
236.448723 121.844197
235.230075 120.441058
233.906144 118.897604
232.469123 117.199805
230.910809 115.332227
229.222602 113.277890
228.045926 111.826903

337.338281 0.000000
394.669140 57.330860

0.000000 223.653806
81.331949 304.985755

394.669140 68.336003
394.669140 57.330860

58.298091 444.615795
99.720636 444.615795

452.000000 502.913886
384.260408 435.174294

145.581363 386.317705
145.581363 311.450639

99.720636 304.985755
101.231867 304.992775
101.910618 305.000497
102.470080 305.008992
102.976278 305.018335
103.454661 305.028613
103.918381 305.039919
104.375417 305.052356
104.831165 305.066036
105.289574 305.081084
105.753728 305.097637
106.226160 305.115845
106.709044 305.135874
107.204315 305.157906
107.713746 305.182141
108.239005 305.208800
108.781689 305.238124
109.343358 305.270381
109.925550 305.305864
110.529804 305.344895
111.157670 305.387829
111.810721 305.435056
112.490561 305.487007
113.198837 305.544152
113.937243 305.607011
114.707528 305.676157
115.511501 305.752217
116.351042 305.835884
117.228099 305.927917
118.144702 306.029153
119.102964 306.140513
120.105089 306.263008
121.153376 306.397754
122.250225 306.545974
123.398145 306.709015
124.599758 306.888362
125.857805 307.085642
127.175154 307.302651
128.554807 307.541361
129.999906 307.803941
131.513740 308.092780
133.099752 308.410502
134.761552 308.759997
136.502917 309.144441
138.327806 309.567330
140.240369 310.032508
142.244952 310.544203
144.346111 311.107068
145.581363 311.450639

269.002277 68.336003
268.963600 68.374692
268.921080 68.417249
268.874338 68.464062
268.822959 68.515556
268.766487 68.572200
268.704421 68.634508
268.636214 68.703047
268.561263 68.778440
268.478912 68.861372
268.388440 68.952598
268.289057 69.052946
268.179901 69.163328
268.060027 69.284749
267.928406 69.418312
267.783910 69.565231
267.625311 69.726843
267.451267 69.904615
267.260318 70.100165
267.050873 70.315269
266.821203 70.551884
266.569426 70.812161
266.293502 71.098465
265.991218 71.413400
265.660178 71.759828
265.297791 72.140899
264.901260 72.560077
264.467567 73.021173
263.993467 73.528378
263.475472 74.086304
262.909841 74.700023
262.292571 75.375113
261.619385 76.117712
260.885727 76.934572
260.086750 77.833117
259.217313 78.821517
258.271974 79.908757
257.244988 81.104720
256.130302 82.420281
254.921559 83.867397
253.612094 85.459224
252.194940 87.210235
250.662828 89.136347
249.008194 91.255069
247.223181 93.585665
245.299642 96.149319
243.229148 98.969339
241.111672 101.918234

394.669140 68.336003
394.661853 69.628704
394.653838 70.209304
394.645020 70.687865
394.635321 71.120865
394.624653 71.530072
394.612917 71.926735
394.600007 72.317682
394.585807 72.707527
394.570187 73.099648
394.553005 73.496683
394.534104 73.900799
394.513314 74.313856
394.490444 74.737509
394.465287 75.173274
394.437615 75.622578
394.407175 76.086788
394.373692 76.567237
394.336860 77.065241
394.296345 77.582118
394.251779 78.119191
394.202756 78.677808
394.148830 79.259340
394.089512 79.865196
394.024262 80.496825
393.952488 81.155724
393.873535 81.843439
393.786688 82.561578
393.691156 83.311809
393.586070 84.095867
393.470476 84.915560
393.343323 85.772773
393.203454 86.669473
393.049599 87.607713
392.880358 88.589639
392.694193 89.617493
392.489411 90.693621
392.264151 91.820476
392.016365 93.000625
391.743800 94.236756
391.443979 95.531682
391.114176 96.888351
390.751393 98.309846
390.352331 99.799402
389.913363 101.360405
389.751343 101.918234

337.338281 101.918234
389.751343 101.918234

0.000000 386.317705
58.298091 444.615795

394.669140 223.653806
394.669140 223.653806
394.669140 135.500464

191.442090 304.985755
256.006331 304.985755

394.669140 386.317705
394.658661 387.867909
394.647134 388.564164
394.634454 389.138054
394.620506 389.657306
394.605164 390.148027
394.588287 390.623705
394.569722 391.092528
394.549301 391.560029
394.526838 392.030260
394.502128 392.506384
394.474948 392.990999
394.445049 393.486336
394.412161 393.994380
394.375984 394.516949
394.336189 395.055754
394.292415 395.612434
394.244263 396.188587
394.191296 396.785793
394.133032 397.405631
394.068942 398.049689
393.998443 398.719581
393.920894 399.416953
393.835591 400.143495
393.741756 400.900944
393.638539 401.691093
393.524999 402.515801
393.400106 403.376992
393.262723 404.276667
393.111602 405.216909
392.945369 406.199883
392.762513 407.227852
392.561371 408.303173
392.340115 409.428309
392.096733 410.605833
391.829013 411.838434
391.534522 413.128925
391.210580 414.480248
390.854245 415.895481
390.462276 417.377847
390.031111 418.930721
389.556829 420.557635
389.035118 422.262291
388.461237 424.048564
387.829967 425.920516
387.135571 427.882402
386.371735 429.938681
385.531515 432.094027
384.607273 434.353337
384.260408 435.174294

0.000000 0.000000
111.826903 111.826903

0.000000 386.317705
81.331949 304.985755

145.581363 386.317705
145.581363 435.596605

337.338281 101.918234
241.111672 101.918234

337.338281 444.615795
338.859271 444.605875
339.542405 444.594962
340.105479 444.582958
340.614946 444.569754
341.096419 444.555229
341.563133 444.539252
342.023120 444.521677
342.481811 444.502344
342.943181 444.481078
343.410332 444.457686
343.885815 444.431955
344.371817 444.403650
344.870286 444.372515
345.383007 444.338266
345.911658 444.300593
346.457847 444.259152
347.023143 444.213567
347.609095 444.163424
348.217251 444.108266
348.849171 444.047592
349.506439 443.980851
350.190669 443.907436
350.903519 443.826680
351.646693 443.737848
352.421952 443.640132
353.231118 443.532645
354.076080 443.414410
354.958801 443.284351
355.881323 443.141285
356.845773 442.983914
357.854369 442.810805
358.909426 442.620386
360.013358 442.410924
361.168691 442.180516
362.378063 441.927068
363.644234 441.648274
364.970091 441.341602
366.358653 441.004262
367.813084 440.633188
369.336694 440.225006
370.932948 439.776007
372.605479 439.282107
374.358089 438.738818
376.194763 438.141200
378.119677 437.483819
380.137205 436.760701
382.251932 435.965271
384.260408 435.174294

191.442090 304.985755
189.930859 304.992775
189.252108 305.000497
188.692646 305.008992
188.186448 305.018335
187.708065 305.028613
187.244346 305.039919
186.787309 305.052356
186.331562 305.066036
185.873152 305.081084
185.408998 305.097637
184.936567 305.115845
184.453683 305.135874
183.958412 305.157906
183.448980 305.182141
182.923721 305.208800
182.381037 305.238124
181.819368 305.270381
181.237176 305.305864
180.632922 305.344895
180.005056 305.387829
179.352006 305.435056
178.672165 305.487007
177.963889 305.544152
177.225483 305.607011
176.455199 305.676157
175.651225 305.752217
174.811685 305.835884
173.934628 305.927917
173.018025 306.029153
172.059762 306.140513
171.057637 306.263008
170.009351 306.397754
168.912501 306.545974
167.764581 306.709015
166.562968 306.888362
165.304922 307.085642
163.987572 307.302651
162.607919 307.541361
161.162820 307.803941
159.648987 308.092780
158.062974 308.410502
156.401175 308.759997
154.659810 309.144441
152.834920 309.567330
150.922357 310.032508
148.917774 310.544203
146.816615 311.107068
145.581363 311.450639

81.331949 304.985755
99.720636 304.985755

0.000000 502.913886
58.298091 444.615795

99.720636 444.615795
101.224980 444.606091
101.900638 444.595415
102.457550 444.583673
102.961441 444.570756
103.437644 444.556547
103.899250 444.540918
104.354204 444.523726
104.807875 444.504814
105.264195 444.484011
105.726234 444.461128
106.196512 444.435957
106.677196 444.408268
107.170209 444.377811
107.677319 444.344308
108.200184 444.307454
108.740396 444.266916
109.299505 444.222323
109.879044 444.173271
110.480544 444.119314
111.105549 444.059961
111.755623 443.994673
112.432365 443.922856
113.137413 443.843858
113.872454 443.756959
114.639228 443.661371
115.439538 443.556224
116.275252 443.440562
117.148312 443.313334
118.060738 443.173384
119.014633 443.019438
120.012191 442.850098
121.055701 442.663823
122.147551 442.458921
123.290240 442.233529
124.486377 441.985598
125.738690 441.712874
127.050036 441.412877
128.423402 441.082880
129.861915 440.719884
131.368850 440.320588
132.947634 439.881363
134.601860 439.398215
136.335289 438.866753
138.151863 438.282144
140.055709 437.639074
142.051157 436.931697
144.142740 436.153583
145.581363 435.596605

191.442090 444.615795
189.937746 444.606091
189.262089 444.595415
188.705176 444.583673
188.201285 444.570756
187.725082 444.556547
187.263476 444.540918
186.808523 444.523726
186.354852 444.504814
185.898531 444.484011
185.436493 444.461128
184.966214 444.435957
184.485531 444.408268
183.992517 444.377811
183.485407 444.344308
182.962542 444.307454
182.422331 444.266916
181.863222 444.222323
181.283683 444.173271
180.682182 444.119314
180.057178 444.059961
179.407103 443.994673
178.730361 443.922856
178.025313 443.843858
177.290273 443.756959
176.523498 443.661371
175.723188 443.556224
174.887474 443.440562
174.014414 443.313334
173.101988 443.173384
172.148093 443.019438
171.150535 442.850098
170.107026 442.663823
169.015175 442.458921
167.872486 442.233529
166.676350 441.985598
165.424036 441.712874
164.112690 441.412877
162.739324 441.082880
161.300811 440.719884
159.793877 440.320588
158.215092 439.881363
156.560866 439.398215
154.827437 438.866753
153.010864 438.282144
151.107017 437.639074
149.111569 436.931697
147.019986 436.153583
145.581363 435.596605

241.111672 101.918234
241.068890 101.948623
241.021851 101.982051
240.970135 102.018822
240.913279 102.059269
240.850776 102.103762
240.782070 102.152704
240.706550 102.206540
240.623545 102.265760
240.532323 102.330901
240.432077 102.402557
240.321927 102.481379
240.200905 102.568082
240.067956 102.663456
239.921921 102.768367
239.761535 102.883770
239.585414 103.010712
239.392047 103.150349
239.179784 103.303950
238.946823 103.472910
238.691201 103.658767
238.410780 103.863209
238.103232 104.088096
237.766026 104.335471
237.396414 104.607584
236.991413 104.906908
236.547792 105.236165
236.062053 105.598347
235.530417 105.996747
234.948805 106.434988
234.312824 106.917052
233.617750 107.447323
232.858508 108.030621
232.029665 108.672249
231.125407 109.378039
230.139534 110.154409
229.065440 111.008416
228.045926 111.826903

452.000000 0.000000
394.669140 57.330860

337.338281 386.317705
256.006331 304.985755

337.338281 223.653806
249.184939 135.500464

337.338281 0.000000
269.002277 68.336003

394.669140 386.317705
394.669140 223.653806

337.338281 444.615795
191.442090 444.615795
