      6  53.1254869999999926 157.3271680000000003  21.4807759999999917      -1 9
     52  31.6447110000000009 178.8079439999999920   0.0000000000000000       6 2
     17  31.6447110000000009 135.8463920000000087   0.0000000000000000       6 2
     67  75.4499432212814725 157.3271680000000003  21.4807759999999917       6 2
      9  77.9597360732293367 155.4238164999999867  19.5774244999999780      67 4
     16  83.3172290000000260 148.9730219999999861  13.1266299999999774       9 4
     77  96.4438590000000033 135.8463920000000087   0.0000000000000000      16 2
     42  96.4438590000000033 155.4238164999999867   6.4507945000000007       9 1
     83 106.5118589337810135 155.4238164999999867  11.9573145960054390      42 1
     84 107.4565162648932244 148.9730219999999861  11.0126572648932282      83 3
     85 107.4565162648932244 146.8590492648932297  11.0126572648932282      84 2
     35  96.4438590000000033 135.8463920000000087   0.0000000000000000      85 2
     69 118.4691735297864597 135.8463920000000087   0.0000000000000000      85 2
     82 107.4565162648932244 161.8746109999999874  11.0126572648932282      83 4
     81 107.4565162648932244 178.8079439999999920  11.0126572648932282      82 2
     29 107.4565162648932244 178.8079439999999920  11.0126572648932282      81 4
     60 107.4565162648932244 210.0539740000000108  11.0126572648932282      29 2
     11 105.4571078702265368 219.4388127057029010  13.0120656595599229      60 4
     23 118.4691735297864597 232.4508783652628097   0.0000000000000000      11 2
     63  96.4438590000000033 221.2524261826314103  11.1984521826313994      11 4
     73  96.4438590000000033 221.2524261826314103  11.1984521826313994      63 4
     31  68.4187299999999965 221.2524261826314103  11.1984521826313994      73 2
      7  68.4187299999999965 221.2524261826314103  11.1984521826313994      31 4
      5  59.6093649999999968 219.5199342623732548  12.9309441028895620       7 4
     21  50.7999999999999972 221.2524261826314103  11.1984521826313994       5 4
     50  42.8431631826314003 221.2524261826314103  11.1984521826313994      21 2
     66  31.6447110000000009 232.4508783652628097   0.0000000000000000      50 2
     65  31.6447110000000009 210.0539740000000108   0.0000000000000000      50 2
     41  59.6093649999999968 210.0539740000000108   8.8093649999999997       5 1
     49  59.6093649999999968 195.6727953501415129  16.8648513501415280      41 1
     54  50.7999999999999972 194.4309590000000014  15.6230150000000094      49 3
     59  50.7999999999999972 194.4309590000000014  15.6230150000000094      54 3
     58  47.2677260000000103 194.4309590000000014  15.6230150000000094      59 2
     65  31.6447110000000009 210.0539740000000108   0.0000000000000000      58 2
     37  31.6447110000000009 178.8079439999999920   0.0000000000000000      58 2
     30  68.4187299999999965 194.4309590000000014  15.6230150000000094      49 4
     28  68.4187299999999965 194.4309590000000014  15.6230150000000094      30 4
     75  80.8208439999999939 194.4309590000000014  15.6230150000000094      28 2
     19  96.4438590000000033 178.8079439999999920   0.0000000000000000      75 2
     72  96.4438590000000033 210.0539740000000108   0.0000000000000000      75 2
     74  79.5105259999999987 161.8746109999999874  16.9333330000000046      67 3
     32  96.4438590000000033 178.8079439999999920   0.0000000000000000      74 2
