     93  42.5436735544906526 167.9089814455093403  10.8989625544906517      -1 9
     19  52.9930122056166013 171.8093737551454296   6.9985702448545624      93 3
     60  52.9930122056166013 171.8093737551454296   6.9985702448545624      19 3
     20  77.5878551909984679 171.8093737551454296   6.9985702448545624      60 2
     32  77.5878551909984679 171.8093737551454296   6.9985702448545624      20 3
     24  86.5659245758077844 168.9300095758077873   9.8779344241922189      32 3
     69  87.0158570954992285 164.8108035102908673   9.4280019045007677      24 3
     38  87.0158570954992285 164.8108035102908673   9.4280019045007677      69 3
     66  87.0158570954992285 161.8746109999999874   9.4280019045007677      38 2
      7  88.1192921102229008 155.4238164999999867  10.5314369192244346      66 4
     10  87.0362999102079016 149.8510536532029391   9.4484447192094265       7 4
     61  87.0158570954992285 149.4120378266014768   9.4382177770634588      10 1
     70  86.9954142807905839 148.9730219999999861   9.4484447192094265      61 1
     11  86.5645752837468478 145.7256757162531642   9.8792837162531555      70 3
     71  77.5878551909984679 142.8487228266014881   7.0023308266014652      11 3
     29  52.9930122056166013 142.8487228266014881   7.0023308266014652      71 2
     33  42.5446276168755730 146.7463086168755808  10.8999166168755721      29 3
     30  42.3188616028082976 149.8510536532029391  10.6741506028083037      33 3
     79  42.3188616028082976 164.8108035102908673  10.6741506028083037      30 2
     93  42.5436735544906526 167.9089814455093403  10.8989625544906517      79 3
     75  31.6447110000000009 178.8079439999999920   0.0000000000000000      93 2
      6  31.6447110000000009 135.8463920000000087   0.0000000000000000      33 2
      5  96.4438590000000033 135.8463920000000087   0.0000000000000000      11 2
     42  96.4438590000000033 155.4238164999999867   6.4507945000000007       7 1
    103 106.5118589337810135 155.4238164999999867  11.9573145960054390      42 1
    104 107.4565162648932244 148.9730219999999861  11.0126572648932282     103 3
    105 107.4565162648932244 146.8590492648932297  11.0126572648932282     104 2
     72  96.4438590000000033 135.8463920000000087   0.0000000000000000     105 2
     16 118.4691735297864597 135.8463920000000087   0.0000000000000000     105 2
    102 107.4565162648932244 161.8746109999999874  11.0126572648932282     103 4
    101 107.4565162648932244 178.8079439999999920  11.0126572648932282     102 2
    100 107.4565162648932244 178.8079439999999920  11.0126572648932282     101 4
     64 107.4565162648932244 210.0539740000000108  11.0126572648932282     100 2
     84 105.4571078702265368 219.4388127057029010  13.0120656595599229      64 4
     31 118.4691735297864597 232.4508783652628097   0.0000000000000000      84 2
     88  96.4438590000000033 221.2524261826314103  11.1984521826313994      84 4
     26  68.4187299999999965 221.2524261826314103  11.1984521826313994      88 2
     78  59.6093649999999968 219.5199342623732548  12.9309441028895620      26 4
     22  50.7999999999999972 221.2524261826314103  11.1984521826313994      78 4
     43  50.7999999999999972 221.2524261826314103  11.1984521826313994      22 4
     13  42.8431631826314003 221.2524261826314103  11.1984521826313994      43 2
     14  31.6447110000000009 232.4508783652628097   0.0000000000000000      13 2
      4  31.6447110000000009 210.0539740000000108   0.0000000000000000      13 2
     58  59.6093649999999968 210.0539740000000108   8.8093649999999997      78 1
     57  59.6093649999999968 195.6727953501415129  16.8648513501415280      58 1
     15  50.7999999999999972 194.4309590000000014  15.6230150000000094      57 3
      8  50.7999999999999972 194.4309590000000014  15.6230150000000094      15 3
     49  47.2677260000000103 194.4309590000000014  15.6230150000000094       8 2
     97  31.6447110000000009 210.0539740000000108   0.0000000000000000      49 2
     50  31.6447110000000009 178.8079439999999920   0.0000000000000000      49 2
     47  68.4187299999999965 194.4309590000000014  15.6230150000000094      57 4
     68  68.4187299999999965 194.4309590000000014  15.6230150000000094      47 4
     81  80.8208439999999939 194.4309590000000014  15.6230150000000094      68 2
     82  96.4438590000000033 178.8079439999999920   0.0000000000000000      81 2
     85  96.4438590000000033 210.0539740000000108   0.0000000000000000      81 2
     82  96.4438590000000033 178.8079439999999920   0.0000000000000000      24 2
